OTUID	S1	S10	S11	S12	S13	S14	S15	S16	S17	S18	S19	S2	S20	S21	S22	S23	S24	S25	S26	S27	S28	S29	S3	S30	S31	S32	S35	S36	S37	S38	S39	S4	S40	S41	S42	S43	S48	S49	S53	S54	S55
58e3a881c48e1d7685dc7e95b619d775	0	0	0	0	0	0	0	0	0	0	0	0	0	0	0	0	0	0	0	0	0	0	0	0	0	16	0	0	0	0	0	0	0	0	0	0	0	0	0	0	0
1b02413693292610185e5db9d26e67ed	0	0	0	0	0	0	0	0	0	0	0	0	0	0	1	0	0	0	0	0	0	0	0	0	0	0	0	0	0	0	0	0	0	0	0	0	1	0	0	1	0
f9b9d393e680a54ee38efd2a2672cc5f	0	0	0	0	0	0	0	0	0	0	0	1	0	0	0	0	0	0	0	0	0	0	0	0	0	0	0	0	0	0	0	0	0	0	0	0	0	0	0	0	0
15b18dbd97d58bd2499838495b8e8aa2	0	10	0	0	0	0	0	0	0	0	0	0	0	5	11	0	0	0	0	532	1	0	0	0	0	0	0	2	7	0	0	0	0	0	0	0	0	0	0	0	0
ec2cf270f31218532b2a01d5992ba309	76	0	47	0	0	0	0	90	0	0	2	0	0	1794	0	0	0	0	474	0	0	0	0	0	146	0	1681	17	0	0	0	0	0	0	0	0	0	0	0	0	0
a8db2e2d00ffe32b938d4cc223fdb193	5	23	0	128	93	68	1	9	7	61	34	0	50	1	0	0	123	42	0	47	34	36	0	26	0	0	0	0	2	0	0	1	1684	0	0	0	17	170	110	22	0
7dc97e9ae73a6b7197a0fe0f617a7aa1	0	0	0	0	0	0	0	0	0	0	0	0	0	0	482	10	0	0	0	0	0	0	0	0	0	0	0	0	0	0	0	0	0	0	0	0	81	172	0	58	1486
f03a9a1baa5c814f0343c5153b14edcd	0	173	0	0	0	0	0	0	0	0	0	0	0	0	0	0	0	0	0	4	0	0	0	0	0	0	0	0	0	0	0	0	0	0	0	1775	0	16	0	61	0
d3c401280b1aca324ab8fc07f31f2e2f	0	0	11	0	0	0	0	11	0	0	0	0	0	5	0	0	0	0	1793	0	0	0	0	0	12	0	0	70	0	0	0	0	0	0	0	0	0	0	0	0	0
2e2d10d2686223176ed11967fc0b6988	2	0	0	0	0	0	0	0	0	0	0	337	2	0	3	0	0	14	0	0	0	0	22	0	0	199	2	0	239	83	12	0	140	73	64	4	0	0	0	0	0
d45b3adb5a42924aeea7c6c85c4fa093	0	273	10	10	52	34	5	0	16	21	6	14	56	0	3	10	1	6	0	133	4	1	1	11	0	0	0	0	2	8	0	4	0	0	0	0	218	86	0	104	18
407f6b4aca358393d2050871ea08cafe	0	5	0	1	0	0	0	0	9	5	0	78	0	0	48	47	18	0	0	11	0	0	5	1	0	0	0	0	41	26	0	0	18	0	0	0	397	11	11	38	8
a4d2056c472a99fce537a8aec7c8b081	0	267	0	0	0	0	0	0	0	0	0	27	0	0	4	12	0	0	0	151	0	0	0	0	0	16	0	3	5	82	0	0	10	0	10	0	33	5	3	0	0
fa143891485e867b731aeaa77a1a310f	0	23	0	0	0	0	0	0	0	0	0	55	0	0	8	4	14	0	0	0	0	0	0	0	0	0	0	0	4	22	3	39	0	0	61	0	101	0	0	0	3
922a9826d9977c283af24ccfb6cd1a97	0	0	0	0	8	0	0	0	7	3	0	0	0	0	0	16	21	11	0	16	2	6	0	0	0	0	0	0	0	4	0	2	0	0	0	0	49	104	37	40	6
b11300b4e90f43e0c21af32a876228b7	0	0	0	12	0	0	0	0	0	0	0	0	0	0	0	0	0	281	0	0	0	0	0	0	0	0	0	0	0	0	0	0	0	0	0	0	0	0	0	0	0
dcf7bb9be5ebe5e9d58d1dc7038bbb64	0	0	0	0	0	0	0	0	0	0	0	37	0	0	10	1	0	0	0	8	0	0	12	0	0	0	0	0	75	19	0	0	42	0	0	11	5	0	4	0	0
d498359fe51debe0d8f2adcb52e63358	0	0	0	15	27	46	2	0	0	0	0	0	8	0	0	0	2	13	0	0	0	0	0	0	0	0	0	0	0	0	0	19	22	12	0	0	0	0	0	17	0
a1535fbbb0771a225679e4c2f90885dd	0	0	0	0	0	0	0	0	0	0	0	0	0	0	0	0	0	0	0	0	0	0	0	0	0	11	161	0	0	0	0	0	0	0	0	0	0	0	0	0	0
1f4410e35c24db6016203371e393f44b	0	0	17	0	0	0	0	0	0	0	0	0	5	0	0	0	6	0	0	0	0	0	0	0	0	0	0	0	0	0	0	15	115	0	0	0	0	3	0	0	0
3255bd204a9480049c688e5b32b0f5d7	0	0	0	0	0	0	0	7	0	0	0	2	0	0	3	0	0	0	0	0	0	0	0	0	0	0	0	2	48	14	7	0	9	0	19	0	7	30	0	0	0
13c12b2c0c0d5b9a787b660c746ba172	0	25	0	0	2	2	0	0	10	18	0	0	9	0	0	0	37	4	0	8	2	2	0	0	0	0	0	0	0	0	0	0	0	0	0	0	0	17	0	9	1
d0adc488c2e895749f34ebc3fabb0e6a	0	16	0	0	17	1	1	0	0	4	0	2	14	0	0	0	13	0	0	5	13	3	0	0	0	0	0	0	0	4	0	1	0	0	0	0	3	24	6	10	0
d8d398e542fcfb4c1057efb35f1a3ca9	0	0	0	0	0	17	0	0	40	18	0	0	8	0	0	0	0	0	0	23	0	0	0	0	0	0	0	0	0	0	0	0	1	0	0	0	0	0	0	10	0
839c654db4359f1bb2a351a0c1411624	0	20	0	0	0	0	0	0	0	0	0	0	0	0	0	0	0	31	0	62	0	0	0	0	0	0	0	0	0	0	0	0	0	0	0	0	0	0	0	0	0
28a6da5971a7f98c34abc56e9b9dc060	0	0	0	0	0	0	0	0	0	0	0	27	0	0	0	0	0	0	0	0	0	0	0	0	0	0	0	0	2	0	0	0	0	0	0	31	33	0	0	7	0
a61f3b15c0ea05a062e7c2bbda2cfc1b	0	0	0	0	0	0	0	0	70	0	0	0	0	0	0	0	3	0	0	0	0	0	0	0	0	0	0	0	0	0	0	1	0	0	0	2	0	0	0	0	0
6d38d98c318462c17af33791a057dd9d	0	0	0	0	0	0	0	1	0	0	0	0	0	0	0	0	0	0	0	0	0	0	0	0	0	0	0	2	0	0	0	0	0	63	0	2	0	0	0	0	0
be8d6c1d9d1de1bf13d7d9faded86f35	0	0	0	0	0	0	0	0	0	0	0	20	0	0	0	1	1	0	0	0	0	0	0	0	0	0	0	0	0	0	0	0	15	0	0	12	5	0	0	0	3
f6fd956f0373ba9c49c424e9bc4bab8e	0	0	0	0	0	0	0	0	0	0	0	0	0	0	0	0	0	0	0	7	0	0	0	0	0	0	0	0	0	0	0	0	0	0	0	49	0	0	0	0	0
978f3a033b6759d8dcbe384791837484	0	0	0	0	0	0	0	26	0	0	0	7	0	0	0	0	0	0	0	0	11	1	0	3	2	0	0	0	0	0	0	0	0	0	3	0	0	0	0	0	0
c653b42780370366760f9eb653d19d7a	0	0	0	0	14	0	0	0	0	2	0	0	0	0	0	0	0	0	0	0	0	0	0	0	0	0	0	0	0	0	0	0	0	0	0	0	0	4	0	26	0
88015741b8ce31477fac15784b463022	0	0	0	0	0	0	7	0	0	0	0	0	0	0	0	0	0	0	0	34	1	0	0	0	0	0	0	0	0	0	0	0	0	0	0	0	0	0	0	0	0
124bfb221a1cc223eefec590c986e009	0	2	0	0	0	0	0	4	0	0	0	0	0	0	0	0	0	0	0	0	0	0	0	0	13	9	0	0	0	0	0	0	0	0	13	0	0	0	0	0	0
4348f99d5d73653bc4cf307e9fb8b509	0	0	0	0	0	0	0	0	0	0	0	0	0	0	0	0	0	0	0	0	0	0	0	0	0	0	0	0	0	0	0	0	0	0	0	0	23	16	0	0	0
61513fd5be7ebe58349f263f469434e7	0	0	0	0	0	0	0	0	4	8	11	0	5	0	0	0	0	7	0	0	0	0	0	0	0	0	0	0	0	0	0	1	0	0	0	0	0	0	0	0	0
e8c8e874ca27ad2bbe837b9c39b4f502	0	0	0	0	0	0	0	0	0	0	0	0	0	0	0	0	4	3	0	27	0	1	1	0	0	0	0	0	0	0	0	0	0	0	0	0	0	0	0	0	0
867d9984b2a62a6a4366ca6e201d53ab	1	0	0	0	0	0	0	20	0	0	0	0	0	0	0	0	0	0	0	0	0	0	0	0	0	0	0	0	0	0	0	0	0	0	8	0	0	0	0	0	0
753ce8287e5cbef96bd6279ca8bae772	0	3	0	0	0	0	0	7	12	0	1	0	0	0	0	0	0	0	0	0	0	0	0	0	0	0	0	0	0	0	0	0	0	0	0	0	0	0	0	0	0
71fe6b5e3614f1a2efb0e7aacebfe6d7	0	0	0	0	0	0	0	0	0	17	0	0	0	0	0	0	0	0	0	0	0	0	0	0	0	0	0	0	0	0	0	0	0	0	0	0	0	0	0	0	0
9a49ef5a0e1dc460a0b3e69786deec33	0	0	0	0	0	0	0	0	0	0	0	0	0	0	0	0	0	0	0	2	0	0	0	0	0	0	0	0	0	13	1	0	0	0	0	0	0	0	0	0	0
e2d3682b214b8930036b7aeab41b7c41	0	14	0	0	0	0	0	0	0	0	0	0	0	0	0	0	0	0	0	0	0	0	0	0	0	0	0	0	0	0	0	0	0	0	0	0	0	0	0	0	0
e6ffad34c5e323b52816a5f16c406be6	0	0	0	0	0	0	0	0	0	0	0	0	0	0	0	0	0	0	0	0	0	0	0	0	0	0	0	0	3	0	0	0	0	0	8	0	0	0	0	2	0
c8542d47c4fa5677e0616f63c297ba6c	0	0	0	0	0	0	0	0	0	0	0	0	0	0	0	0	0	0	0	0	0	0	0	0	0	0	0	9	0	0	0	0	0	0	0	0	0	0	0	0	0
06040996a4aecebff0e9cd46f616f369	0	0	0	0	0	0	0	0	0	0	0	3	0	0	0	0	0	0	0	0	0	0	1	0	0	0	0	0	4	0	0	0	0	0	0	0	0	0	0	0	0
8e60f67138ace75311cb9ba0130d84ed	0	0	0	0	0	0	0	0	0	0	0	0	0	0	0	0	0	0	0	0	0	0	0	0	0	0	0	0	0	0	0	0	0	0	0	0	0	7	0	0	0
a0463e051fb35ec535d5ec4dd0584a98	0	0	0	7	0	0	0	0	0	0	0	0	0	0	0	0	0	0	0	0	0	0	0	0	0	0	0	0	0	0	0	0	0	0	0	0	0	0	0	0	0
1b0a92628469530bec93aed363cf3bc9	0	0	0	0	0	0	0	0	0	0	0	0	0	0	0	0	0	6	0	0	0	0	0	0	0	0	0	0	0	0	0	0	0	0	0	0	0	0	0	0	0
ae23581c7a890b8943cd0ab2a413aed1	0	0	0	0	0	0	0	0	0	0	0	3	0	0	0	0	0	0	1	0	0	0	0	0	0	0	0	0	2	0	0	0	0	0	0	0	0	0	0	0	0
d075e5c052c8bcb3ab1cce298842fc01	0	0	0	0	0	0	0	0	0	0	0	0	0	0	0	0	0	0	0	0	0	0	0	0	0	0	0	0	0	0	0	0	0	0	0	0	0	0	0	6	0
c60a88fc287b70fff09f3331763299d5	0	0	0	0	0	0	0	0	0	0	0	0	0	0	0	0	0	0	0	0	0	0	0	0	0	0	0	0	0	0	0	0	0	0	0	0	0	0	0	5	0
3ab7f65b6dcdf9057aa45a41f85eaf92	4	0	0	0	0	0	0	0	0	0	0	0	0	0	0	0	0	0	0	0	0	0	0	0	0	0	0	0	0	0	0	0	0	0	0	0	0	0	0	0	0
ccca735942f5ee5ce4a3c2c12cf87aee	0	3	0	0	0	0	0	0	0	0	0	0	0	0	0	0	0	0	0	0	0	0	0	0	0	0	0	0	0	0	0	0	0	0	0	0	0	1	0	0	0
41a2197dd7e2a9cb005fada6bd869b90	0	0	0	0	0	0	0	0	0	0	0	0	0	0	0	0	0	0	0	0	0	0	0	0	0	0	0	0	0	0	3	0	0	0	0	0	0	0	0	0	0
4a1e9f6609b49d0a37c594cf56321ef3	0	0	0	0	0	0	0	0	0	0	0	0	0	0	0	0	2	0	0	0	0	0	0	0	0	0	0	0	0	0	0	0	0	0	0	0	0	0	0	0	0
71b0107df68ec72ac45a6c2a35bfdd68	0	0	0	0	0	0	0	0	0	0	0	0	0	0	0	2	0	0	0	0	0	0	0	0	0	0	0	0	0	0	0	0	0	0	0	0	0	0	0	0	0
7ebbc8e7f2f3b34d8c6d2769c7c1c0fc	0	0	0	0	0	0	0	0	0	0	0	0	0	0	0	0	0	2	0	0	0	0	0	0	0	0	0	0	0	0	0	0	0	0	0	0	0	0	0	0	0
8bd74c5b9daec4d3c0f29baa52e28c57	0	0	0	1	0	0	0	0	0	0	0	0	1	0	0	0	0	0	0	0	0	0	0	0	0	0	0	0	0	0	0	0	0	0	0	0	0	0	0	0	0
bf0bc94b9af5b0b1ab8e64bd0711e5ad	0	0	0	0	0	0	0	0	0	0	0	0	0	0	0	0	0	0	0	0	0	0	0	0	0	0	0	0	2	0	0	0	0	0	0	0	0	0	0	0	0
db65e5971cf0cd1ba581d3d2e88e0116	0	0	0	0	0	0	0	0	0	2	0	0	0	0	0	0	0	0	0	0	0	0	0	0	0	0	0	0	0	0	0	0	0	0	0	0	0	0	0	0	0
e8b82455fbcddeacb1dab3ba2c8435b7	0	0	0	2	0	0	0	0	0	0	0	0	0	0	0	0	0	0	0	0	0	0	0	0	0	0	0	0	0	0	0	0	0	0	0	0	0	0	0	0	0
100f47b0440e4041dd31075006023f39	0	0	0	0	0	0	0	0	0	0	0	0	0	0	1	0	0	0	0	0	0	0	0	0	0	0	0	0	0	0	0	0	0	0	0	0	0	0	0	0	0
123775f059d5a93772d4d0a2a6a1839a	0	0	0	0	0	0	0	0	0	0	0	0	0	0	0	0	0	1	0	0	0	0	0	0	0	0	0	0	0	0	0	0	0	0	0	0	0	0	0	0	0
2d96eecd2b26d2fdead82d110f6ccf96	0	0	0	0	0	0	0	0	0	0	0	0	0	0	0	0	1	0	0	0	0	0	0	0	0	0	0	0	0	0	0	0	0	0	0	0	0	0	0	0	0
40737dfb107819d3d885a2c4f7dc9fde	0	0	0	0	0	0	0	0	0	0	0	0	0	0	0	0	0	0	0	0	0	0	0	0	0	0	0	0	1	0	0	0	0	0	0	0	0	0	0	0	0
471d5660c1d880189c841fbf2891c4bd	0	0	0	0	0	0	0	0	0	0	0	0	0	0	0	0	0	0	0	0	0	0	0	0	0	0	0	0	1	0	0	0	0	0	0	0	0	0	0	0	0
51b980eb1056dd2c811fcef956688b1c	0	0	0	0	0	1	0	0	0	0	0	0	0	0	0	0	0	0	0	0	0	0	0	0	0	0	0	0	0	0	0	0	0	0	0	0	0	0	0	0	0
6138a44a0291572cdc003b1818971c80	0	0	0	0	0	0	0	0	0	0	0	0	0	0	0	1	0	0	0	0	0	0	0	0	0	0	0	0	0	0	0	0	0	0	0	0	0	0	0	0	0
8eade29a934c5f3ce6ab667209ee0eea	0	0	0	0	0	0	0	0	0	0	0	0	0	0	0	0	0	0	0	0	0	0	0	0	1	0	0	0	0	0	0	0	0	0	0	0	0	0	0	0	0
c056ee96a35401f0bdb1dd0d55efec95	0	0	0	0	0	0	0	0	0	0	0	0	0	0	0	0	0	0	0	0	0	0	0	0	0	0	0	0	0	0	1	0	0	0	0	0	0	0	0	0	0
ca40ec715e9a40b7f90bb452e5586070	0	0	0	0	0	0	0	0	0	0	0	0	0	0	0	0	0	0	0	0	0	1	0	0	0	0	0	0	0	0	0	0	0	0	0	0	0	0	0	0	0
deb90fa4ffc78d25ecfa0ba149317462	0	0	0	0	0	0	0	0	0	0	0	0	0	0	0	0	0	0	0	1	0	0	0	0	0	0	0	0	0	0	0	0	0	0	0	0	0	0	0	0	0
f30e3ffa165810d7626968fc8657f791	0	0	0	1	0	0	0	0	0	0	0	0	0	0	0	0	0	0	0	0	0	0	0	0	0	0	0	0	0	0	0	0	0	0	0	0	0	0	0	0	0
fcff97cfb06b7dcbaf82ff09d4b60905	0	0	0	0	0	0	0	0	0	0	0	0	0	0	0	0	0	0	0	0	0	0	0	0	0	1	0	0	0	0	0	0	0	0	0	0	0	0	0	0	0
14517b3d1741c6efcfa7704a962a03fc	0	0	0	0	0	0	0	0	0	0	0	0	0	0	0	0	0	0	0	0	0	0	0	0	4	0	0	0	0	0	2508	0	0	803	0	36	0	0	0	0	0
3582bf8de562f0653eec87e4cd4c7fd0	0	37	0	0	0	0	0	0	0	0	0	0	0	0	0	0	0	0	0	31	0	0	0	0	0	0	0	0	0	0	0	0	0	0	0	0	0	0	0	0	0
ac4aeac40d7eb3c0da332e557ab8c13f	0	0	0	0	0	0	0	0	0	0	0	0	0	0	0	0	0	0	0	0	0	0	0	0	2	3	0	0	0	0	0	0	0	0	0	0	0	0	0	0	0
efee5c6c57a18328e7e9274844026231	0	0	0	0	0	0	0	238	0	0	0	0	0	0	0	0	0	0	0	0	0	0	0	0	0	0	0	0	0	0	0	0	0	0	0	0	0	0	0	0	0
6b129f9fe07359cb2556c3f82cdcb04a	0	0	0	0	0	0	0	134	0	0	0	0	0	0	0	0	0	0	0	0	0	0	0	0	66	9	0	0	0	0	0	0	0	0	0	0	0	0	0	0	0
c145e60ac394c5303e2cb2545c7b57e7	0	0	0	0	0	0	0	0	0	0	0	0	0	5	0	0	0	0	0	0	0	0	0	0	0	0	0	0	0	0	0	0	0	0	0	0	0	0	0	0	0
3567a0900762bb83605f9af7f2709151	0	0	0	0	0	0	0	0	0	0	0	0	0	0	0	0	0	0	0	0	0	0	0	0	0	0	1	0	2	0	0	0	0	0	0	0	0	0	0	0	0
8788c66e4e3a75af3631a903c659fc77	0	0	0	0	0	0	0	0	0	0	0	0	0	0	0	0	0	0	0	0	0	0	0	0	0	0	0	0	0	0	0	0	0	0	0	0	0	3	0	0	0
3ee1c0d84dd6a6fdc3c3eb920e9434d4	0	0	0	0	0	0	0	0	0	0	0	2	0	0	0	0	0	0	0	0	0	0	0	0	0	0	0	0	0	0	0	0	0	0	0	0	0	0	0	0	0